{
  "nbformat": 4,
  "nbformat_minor": 0,
  "metadata": {
    "colab": {
      "provenance": []
    },
    "kernelspec": {
      "name": "python3",
      "display_name": "Python 3"
    },
    "language_info": {
      "name": "python"
    }
  },
  "cells": [
    {
      "cell_type": "code",
      "execution_count": null,
      "metadata": {
        "id": "zsVSj1Qx9g9C"
      },
      "outputs": [],
      "source": [
        "import numpy as np"
      ]
    },
    {
      "cell_type": "code",
      "source": [
        "array_2x2 = np.array([[1, 2], [3, 4]])\n",
        "print(\"2x2 Array:\\n\", array_2x2)"
      ],
      "metadata": {
        "colab": {
          "base_uri": "https://localhost:8080/"
        },
        "id": "auc2WcrE-75H",
        "outputId": "7f6095be-f78e-478d-9f33-cb0114de4bdd"
      },
      "execution_count": null,
      "outputs": [
        {
          "output_type": "stream",
          "name": "stdout",
          "text": [
            "2x2 Array:\n",
            " [[1 2]\n",
            " [3 4]]\n"
          ]
        }
      ]
    },
    {
      "cell_type": "code",
      "source": [
        "random_3x4 = np.random.rand(3, 4)\n",
        "print(\"Random 3x4 Array:\\n\", random_3x4)"
      ],
      "metadata": {
        "colab": {
          "base_uri": "https://localhost:8080/"
        },
        "id": "XasR-RVt_KZN",
        "outputId": "ab35b64f-e964-406f-a195-31a74c716631"
      },
      "execution_count": null,
      "outputs": [
        {
          "output_type": "stream",
          "name": "stdout",
          "text": [
            "Random 3x4 Array:\n",
            " [[0.7750197  0.05397887 0.45028824 0.80537031]\n",
            " [0.51280367 0.53290259 0.24312458 0.30335562]\n",
            " [0.12776    0.09572804 0.98659491 0.55520052]]\n"
          ]
        }
      ]
    },
    {
      "cell_type": "code",
      "source": [
        "ones_array = np.ones((2, 3))\n",
        "zeroes_array = np.zeros((2, 3))\n",
        "print(\"Array of Ones:\\n\", ones_array)\n",
        "print(\"Array of Zeroes:\\n\", zeroes_array)"
      ],
      "metadata": {
        "colab": {
          "base_uri": "https://localhost:8080/"
        },
        "id": "9m7Q_DJx_8d2",
        "outputId": "a82fc7d6-b11e-4da7-812d-2ca9e3f79df6"
      },
      "execution_count": null,
      "outputs": [
        {
          "output_type": "stream",
          "name": "stdout",
          "text": [
            "Array of Ones:\n",
            " [[1. 1. 1.]\n",
            " [1. 1. 1.]]\n",
            "Array of Zeroes:\n",
            " [[0. 0. 0.]\n",
            " [0. 0. 0.]]\n"
          ]
        }
      ]
    },
    {
      "cell_type": "code",
      "source": [
        "random_6x3 = np.random.rand(6, 3)\n",
        "transposed_3x6 = random_6x3.T\n",
        "print(\"Random 6x3 Array:\\n\", random_6x3)\n",
        "print(\"Transposed Array (3x6):\\n\", transposed_3x6)"
      ],
      "metadata": {
        "colab": {
          "base_uri": "https://localhost:8080/"
        },
        "id": "guRbGUG_A2nU",
        "outputId": "d69ec36c-3f31-454d-b865-0008fca3f00c"
      },
      "execution_count": null,
      "outputs": [
        {
          "output_type": "stream",
          "name": "stdout",
          "text": [
            "Random 6x3 Array:\n",
            " [[0.23574034 0.55598533 0.27528347]\n",
            " [0.65869174 0.79136591 0.02892175]\n",
            " [0.91851939 0.66852341 0.90887347]\n",
            " [0.05098784 0.40514678 0.14916944]\n",
            " [0.24794473 0.23648913 0.64328657]\n",
            " [0.38184204 0.72370748 0.61282656]]\n",
            "Transposed Array (3x6):\n",
            " [[0.23574034 0.65869174 0.91851939 0.05098784 0.24794473 0.38184204]\n",
            " [0.55598533 0.79136591 0.66852341 0.40514678 0.23648913 0.72370748]\n",
            " [0.27528347 0.02892175 0.90887347 0.14916944 0.64328657 0.61282656]]\n"
          ]
        }
      ]
    },
    {
      "cell_type": "code",
      "source": [
        "n, p, m = 2, 3, 4\n",
        "array_nxp = np.random.rand(n, p)\n",
        "array_pxm = np.random.rand(p, m)\n",
        "dot_product = np.dot(array_nxp, array_pxm)\n",
        "print(\"Array n x p:\\n\", array_nxp)\n",
        "print(\"Array p x m:\\n\", array_pxm)\n",
        "print(\"Dot Product (n x m):\\n\", dot_product)"
      ],
      "metadata": {
        "colab": {
          "base_uri": "https://localhost:8080/"
        },
        "id": "Z0Gu1DR3BIqE",
        "outputId": "df9166d9-4c4c-4d1b-ca60-cf6ec1bafe70"
      },
      "execution_count": null,
      "outputs": [
        {
          "output_type": "stream",
          "name": "stdout",
          "text": [
            "Array n x p:\n",
            " [[0.6947611  0.80020715 0.90568878]\n",
            " [0.55175707 0.78430183 0.54031986]]\n",
            "Array p x m:\n",
            " [[0.07450585 0.95696387 0.93674535 0.44359106]\n",
            " [0.80534912 0.00124058 0.29585939 0.3015116 ]\n",
            " [0.59450385 0.23838725 0.09272196 0.72913093]]\n",
            "Dot Product (n x m):\n",
            " [[1.23464536 0.88175866 0.97154028 1.20982726]\n",
            " [0.99396816 0.65778994 0.79899845 0.87519453]]\n"
          ]
        }
      ]
    }
  ]
}